----------------------------
Epoch 31 --- Error:
 - Tanh (K = 1.60): 0.232637
 -- Sig (K = 1.40): 0.058141
Current Parameters: 
----------------------------
const int PieceValMG[5] = {85, 399, 388, 512, 1156, };
const int BishopPairMG = 47;
const int PawnPassedMG[8] = {4, 13, 10, -1, 14, 36, 101, 154, };
const int PawnPassedConnectedMG[8] = {4, 12, -5, -7, 49, 60, 54, 79, };
const int PawnConnectedMG = 13;
const int PawnIsolatedMG = -18;
const int RookOpenFileMG = 67;
const int RookSemiOpenFileMG = 27;
const int QueenOpenFileMG = -4;
const int QueenSemiOpenFileMG = 6;
const int tempoMG = 22;
const int PieceValEG[5] = {99, 329, 353, 638, 1157, };
const int BishopPairEG = 56;
const int PawnPassedEG[8] = {4, 5, 12, 35, 61, 123, 176, 254, };
const int PawnPassedConnectedEG[8] = {4, 1, 9, 23, 18, -35, 79, 129, };
const int PawnConnectedEG = 9;
const int PawnIsolatedEG = -9;
const int RookOpenFileEG = 7;
const int RookSemiOpenFileEG = 24;
const int QueenOpenFileEG = 41;
const int QueenSemiOpenFileEG = 24;
const int tempoEG = 22;
const int TTropismValues[4] = {5, 5, 6, 8, };
const int TTropismAdjs[4] = {-1, -1, -1, -1, };
const int TTropismMatAdjs[13] = {5, 6, 8, 12, 36, 68, 132, 196, 228, 234, 236, 238, 239, };
const int PawnMG[64] = {
4, 4, 4, 4, 4, 4, 4, 4, 
-14, -2, -12, -18, -10, 35, 31, -7, 
-7, -17, 1, -4, 1, 6, 16, -3, 
-4, -3, 12, 30, 33, 17, 0, -11, 
10, 20, 21, 45, 44, 30, 19, 0, 
29, 13, 39, 42, 77, 103, 39, 14, 
58, 69, 30, 57, 38, 51, -33, -60, 
4, 4, 4, 4, 4, 4, 4, 4, 
};
const int PawnEG[64] = {
4, 4, 4, 4, 4, 4, 4, 4, 
12, -1, 9, 2, 11, 0, -4, -8, 
0, 1, -8, -4, 0, -2, -11, -9, 
12, 6, -6, -18, -12, -9, -2, -1, 
26, 10, 2, -23, -15, -6, 6, 14, 
56, 52, 25, -13, -29, -12, 26, 38, 
93, 81, 51, 25, 35, 27, 72, 109, 
4, 4, 4, 4, 4, 4, 4, 4, 
};
const int KnightMG[64] = {
-133, -28, -59, -39, -16, -24, -23, -24, 
-35, -52, -10, -2, 2, 21, -16, -17, 
-27, -5, 17, 17, 30, 24, 35, -19, 
-16, 13, 23, 20, 37, 30, 32, -8, 
-6, 22, 28, 72, 50, 95, 27, 33, 
-54, 69, 42, 78, 110, 150, 86, 53, 
-90, -44, 92, 34, 27, 82, 1, -12, 
-166, -90, -29, -22, 35, -102, -54, -98, 
};
const int KnightEG[64] = {
-7, -43, -8, 2, -8, -8, -46, -65, 
-23, -4, 10, 15, 16, -3, -3, -38, 
-7, 19, 16, 38, 31, 13, -7, -7, 
1, 15, 40, 50, 40, 43, 25, -3, 
-2, 24, 49, 41, 45, 26, 26, -8, 
-9, -4, 33, 27, 8, 2, -10, -41, 
-14, 9, -17, 17, 7, -18, -14, -48, 
-68, -31, -4, -22, -16, -26, -53, -104, 
};
const int BishopMG[64] = {
-32, 3, -11, -11, -6, -9, -36, -27, 
10, 27, 26, 6, 18, 28, 44, 10, 
6, 26, 28, 24, 19, 40, 29, 14, 
-6, 28, 23, 41, 45, 22, 18, 13, 
1, 12, 29, 67, 56, 53, 17, 11, 
-23, 39, 52, 45, 56, 69, 43, 1, 
-25, 21, -12, -10, 47, 71, 44, -36, 
-26, 0, -95, -41, -20, -37, 5, 13, 
};
const int BishopEG[64] = {
-12, 8, -14, 9, 4, -6, 13, -2, 
2, -7, 9, 15, 17, 10, -3, -22, 
3, 14, 26, 29, 34, 19, 9, -1, 
10, 15, 34, 39, 28, 24, 13, 2, 
13, 28, 32, 29, 31, 25, 15, 11, 
19, 9, 18, 16, 11, 17, 18, 17, 
4, 13, 24, 3, 9, 3, 4, -5, 
-3, -11, 5, 3, 10, 3, -8, -21, 
};
const int RookMG[64] = {
-10, -11, -5, 7, 8, 11, -30, -12, 
-43, -14, -29, -13, -8, 7, -9, -69, 
-43, -24, -22, -23, -7, -3, 0, -24, 
-35, -30, -23, -10, -4, -11, 16, -19, 
-30, -24, -5, 13, 15, 32, 4, -10, 
-10, 7, 12, 16, -1, 42, 61, 14, 
16, 27, 46, 47, 55, 65, 22, 30, 
22, 23, 11, 35, 40, 21, 17, 0, 
};
const int RookEG[64] = {
5, 10, 9, 4, 0, 1, 8, -15, 
8, 0, 9, 7, -4, -3, -6, 12, 
7, 9, 2, 3, -3, -4, -2, -7, 
18, 21, 20, 12, 6, 6, -2, 3, 
23, 21, 25, 12, 8, 13, 7, 17, 
24, 23, 17, 17, 13, 5, 5, 6, 
27, 25, 22, 19, 7, 16, 24, 20, 
27, 24, 31, 23, 24, 20, 22, 27, 
};
const int QueenMG[64] = {
-5, -14, -5, 17, -15, -24, -30, -49, 
-35, -3, 19, 8, 15, 21, -1, 8, 
-15, 10, -3, 3, 0, 8, 23, 16, 
-6, -28, -6, -9, 5, 11, 11, 9, 
-28, -27, -13, -7, 12, 25, 9, 3, 
-11, -3, 20, 11, 50, 93, 64, 74, 
-24, -37, 13, 22, 12, 71, 67, 73, 
-32, 8, 23, 24, 75, 62, 47, 45, 
};
const int QueenEG[64] = {
-16, -26, -15, -45, 7, -18, -8, -48, 
-6, -11, -19, 1, -1, -7, -24, -18, 
10, -20, 26, 18, 26, 40, 30, 16, 
-3, 56, 37, 73, 49, 55, 59, 35, 
26, 49, 43, 63, 79, 69, 94, 71, 
-2, 16, 20, 68, 67, 51, 55, 30, 
-6, 37, 35, 48, 63, 48, 37, 22, 
11, 39, 42, 41, 42, 39, 30, 53, 
};
const int KingMG[64] = {
26, 89, 57, -41, 40, -2, 80, 68, 
47, 56, 28, -56, -29, 9, 57, 65, 
15, 29, 6, -30, -19, -9, 29, -1, 
-17, 22, -7, -55, -43, -11, -13, -38, 
10, 12, 4, -23, -26, -15, 6, -11, 
10, 26, 21, -23, -5, 37, 70, -13, 
74, 16, -19, -7, -31, -9, -21, -58, 
-92, 52, 37, -33, -73, -55, 5, -36, 
};
const int KingEG[64] = {
-70, -54, -31, -9, -38, -15, -45, -70, 
-36, -16, 7, 26, 26, 13, -7, -30, 
-19, 0, 19, 34, 35, 27, 9, -7, 
-19, 1, 32, 44, 47, 34, 19, -7, 
-9, 28, 35, 43, 43, 51, 40, 5, 
16, 27, 32, 30, 29, 61, 50, 17, 
-21, 21, 23, 27, 35, 53, 33, 23, 
-97, -41, -24, -16, -5, 28, 8, -20, 
};

