----------------------------
Epoch 26 --- Error:
 - Tanh (K = 1.60): 0.232677
 -- Sig (K = 1.40): 0.058152
Current Parameters: 
----------------------------
const int PieceValMG[5] = {88, 401, 395, 509, 1120, };
const int BishopPairMG = 48;
const int PawnPassedMG[8] = {2, 15, 0, -6, 14, 46, 102, 152, };
const int PawnPassedConnectedMG[8] = {2, 14, 13, 12, 61, 59, 52, 77, };
const int PawnConnectedMG = 10;
const int PawnIsolatedMG = -19;
const int RookOpenFileMG = 68;
const int RookSemiOpenFileMG = 27;
const int QueenOpenFileMG = -7;
const int QueenSemiOpenFileMG = 3;
const int tempoMG = 20;
const int PieceValEG[5] = {100, 332, 353, 638, 1180, };
const int BishopPairEG = 53;
const int PawnPassedEG[8] = {2, 3, 16, 37, 60, 116, 187, 252, };
const int PawnPassedConnectedEG[8] = {2, 3, 4, 16, 16, -31, 77, 127, };
const int PawnConnectedEG = 11;
const int PawnIsolatedEG = -8;
const int RookOpenFileEG = 8;
const int RookSemiOpenFileEG = 24;
const int QueenOpenFileEG = 50;
const int QueenSemiOpenFileEG = 31;
const int tempoEG = 22;
const int TTropismValues[4] = {3, 3, 4, 6, };
const int TTropismAdjs[4] = {-3, -3, -3, -3, };
const int TTropismMatAdjs[13] = {3, 4, 6, 10, 34, 66, 130, 194, 226, 232, 234, 236, 237, };
const int PawnMG[64] = {
2, 2, 2, 2, 2, 2, 2, 2, 
-17, -4, -15, -21, -12, 36, 30, -10, 
-8, -14, 3, -5, 4, 8, 17, -2, 
-6, -5, 9, 28, 32, 17, -2, -14, 
8, 18, 19, 42, 42, 34, 16, -5, 
22, 1, 29, 20, 71, 92, 32, 9, 
44, 64, 13, 41, 35, 35, -38, -57, 
2, 2, 2, 2, 2, 2, 2, 2, 
};
const int PawnEG[64] = {
2, 2, 2, 2, 2, 2, 2, 2, 
11, 0, 9, 1, 11, -2, -7, -11, 
-3, -2, -12, -6, -3, -4, -15, -12, 
12, 5, -8, -18, -15, -12, -4, -3, 
25, 10, 0, -21, -15, -9, 6, 13, 
60, 58, 30, -3, -26, -5, 32, 43, 
86, 69, 45, 19, 25, 19, 59, 98, 
2, 2, 2, 2, 2, 2, 2, 2, 
};
const int KnightMG[64] = {
-126, -28, -62, -39, -16, -26, -25, -34, 
-39, -56, -12, -3, 1, 21, -17, -18, 
-28, -9, 17, 17, 27, 23, 34, -20, 
-16, 14, 22, 18, 37, 27, 29, -9, 
-10, 22, 26, 69, 49, 88, 26, 30, 
-50, 60, 45, 78, 106, 130, 91, 44, 
-87, -39, 84, 32, 21, 74, 10, -4, 
-165, -61, -46, -23, 20, -96, -11, -96, 
};
const int KnightEG[64] = {
-15, -48, -12, -3, -12, -15, -44, -60, 
-27, -7, 8, 10, 13, -6, -9, -40, 
-13, 15, 12, 33, 26, 12, -9, -11, 
-3, 10, 36, 47, 35, 40, 23, -6, 
-6, 20, 46, 38, 43, 26, 20, -11, 
-17, -3, 28, 23, 10, 2, -17, -40, 
-17, 2, -16, 15, 4, -21, -22, -56, 
-71, -39, -1, -27, -17, -30, -69, -107, 
};
const int BishopMG[64] = {
-44, -3, -19, -14, -16, -17, -40, -37, 
4, 19, 20, -1, 11, 21, 39, 1, 
-5, 16, 19, 17, 13, 35, 21, 6, 
-10, 15, 16, 32, 41, 14, 12, 3, 
-4, 4, 23, 57, 47, 45, 8, 1, 
-26, 28, 47, 43, 44, 63, 39, -6, 
-34, 17, -14, -15, 44, 58, 35, -45, 
-30, -5, -106, -52, -21, -44, 1, 4, 
};
const int BishopEG[64] = {
-7, 7, -15, 6, 8, -1, 11, 1, 
2, -6, 10, 14, 18, 9, -3, -20, 
6, 16, 28, 30, 35, 18, 10, 2, 
9, 18, 35, 41, 26, 30, 13, 5, 
11, 31, 30, 32, 33, 25, 18, 13, 
19, 10, 18, 15, 13, 18, 18, 18, 
5, 13, 21, 4, 6, 6, 8, -3, 
-4, -11, 8, 5, 9, 6, -8, -20, 
};
const int RookMG[64] = {
-10, -10, -7, 6, 8, 13, -26, -6, 
-43, -15, -31, -12, -4, 6, -4, -66, 
-45, -22, -22, -23, -2, 2, 2, -18, 
-38, -30, -24, -9, -3, -8, 17, -13, 
-30, -17, 1, 8, 12, 23, 0, -8, 
-10, 4, 13, 19, 1, 34, 47, 18, 
17, 25, 39, 52, 67, 75, 24, 29, 
24, 30, 17, 34, 44, 23, 21, 12, 
};
const int RookEG[64] = {
7, 11, 11, 4, 1, -1, 6, -19, 
8, 2, 7, 6, -6, 0, -8, 10, 
7, 8, 1, 4, -6, -4, -2, -10, 
20, 21, 21, 12, 4, 6, -2, 1, 
23, 19, 24, 13, 10, 16, 10, 17, 
24, 24, 18, 16, 14, 7, 10, 8, 
27, 26, 25, 19, 3, 13, 25, 22, 
26, 22, 29, 23, 23, 19, 21, 23, 
};
const int QueenMG[64] = {
-13, -18, -8, 16, -15, -29, -29, -51, 
-33, -6, 20, 6, 14, 22, -5, 7, 
-15, 9, -2, 2, 2, 8, 23, 11, 
-7, -28, -5, -7, 3, 7, 15, 3, 
-28, -27, -8, -9, 12, 25, 6, 1, 
-13, -2, 17, 7, 48, 88, 72, 72, 
-24, -40, 11, 20, 4, 76, 62, 66, 
-25, 12, 17, 30, 77, 64, 46, 44, 
};
const int QueenEG[64] = {
-5, -18, -13, -44, 1, -9, -7, -45, 
-16, -8, -24, -1, 3, -11, -16, -19, 
4, -19, 24, 21, 23, 39, 29, 22, 
-6, 54, 35, 71, 50, 60, 48, 47, 
26, 41, 34, 67, 76, 70, 97, 75, 
0, 13, 19, 73, 66, 54, 49, 29, 
-6, 37, 37, 47, 66, 43, 44, 29, 
3, 34, 47, 34, 37, 38, 25, 50, 
};
const int KingMG[64] = {
23, 79, 49, -55, 29, -16, 73, 63, 
33, 49, 16, -69, -39, 1, 53, 57, 
10, 26, 7, -27, -37, -18, 18, -7, 
-33, 17, -14, -54, -48, -28, -13, -53, 
3, 11, -6, -36, -28, -16, 8, -35, 
11, 28, 17, -18, -6, 27, 61, -14, 
54, 12, -30, 8, -39, -20, -24, -38, 
-122, 16, 7, -56, -95, -51, -19, -31, 
};
const int KingEG[64] = {
-75, -56, -34, -10, -38, -14, -47, -72, 
-37, -19, 7, 25, 25, 10, -11, -33, 
-25, -4, 13, 29, 34, 25, 6, -9, 
-20, -3, 29, 40, 44, 34, 13, -7, 
-12, 27, 33, 41, 40, 47, 34, 7, 
11, 24, 27, 26, 25, 58, 50, 14, 
-24, 18, 23, 20, 30, 51, 29, 14, 
-94, -38, -19, -17, -4, 24, 6, -25, 
};

